57,4
57,1
57,3
49,1
49,3
14,5
42,5
44,1
44,3
42,1
42,3
61,2
45,5
61,4
45,1
45,3
0,273
0,270
61,1
61,3
25,1
25,3
63,35
3,2
10,238
10,134
10,64
10,146
10,92
10,66
10,68
10,2
10,3
11,10
11,12
11,16
9,2
9,3
8,10
8,5
8,4
8,13
8,12
8,6
8,11
8,14
8,2
8,3
20,2
12,3
20,1
12,2
12,1
11,27
11,26
11,25
11,24
11,23
11,22
11,21
11,20
11,19
11,18
11,17
11,14
11,8
11,7
11,6
11,5
11,4
11,3
20,3
11,2
11,1
10,309
10,308
10,307
10,306
10,305
10,304
10,303
10,302
10,301
10,300
10,299
10,298
10,297
10,296
10,295
10,294
10,293
10,292
10,291
10,290
10,289
10,288
10,287
10,286
10,285
10,284
10,283
10,282
10,281
10,280
10,279
10,278
19,2
10,277
10,276
10,275
19,1
10,274
10,273
10,272
19,3
10,271
10,270
10,269
10,268
10,267
10,266
10,265
10,264
10,263
10,262
